    0.100000E-04    0.000000E+00
    0.253000E-01    0.000000E+00
    0.100000E+01    0.000000E+00
    0.845000E+06    0.000000E+00
    0.845000E+06    0.391900E+01
    0.848000E+06    0.428400E+01
    0.849000E+06    0.463800E+01
    0.850000E+06    0.527200E+01
    0.850500E+06    0.567300E+01
    0.851000E+06    0.598700E+01
    0.851500E+06    0.603700E+01
    0.852000E+06    0.579400E+01
    0.853000E+06    0.507100E+01
    0.854000E+06    0.461300E+01
    0.855000E+06    0.441900E+01
    0.856000E+06    0.439900E+01
    0.857000E+06    0.454300E+01
    0.859000E+06    0.517800E+01
    0.859500E+06    0.514400E+01
    0.860000E+06    0.497200E+01
    0.861000E+06    0.454000E+01
    0.862000E+06    0.424800E+01
    0.863000E+06    0.411300E+01
    0.864000E+06    0.407800E+01
    0.864500E+06    0.414700E+01
    0.865000E+06    0.428700E+01
    0.866000E+06    0.396800E+01
    0.868000E+06    0.385500E+01
    0.870000E+06    0.385100E+01
    0.872000E+06    0.394600E+01
    0.874000E+06    0.416500E+01
    0.875000E+06    0.432260E+01
    0.875292E+06    0.437004E+01
    0.876000E+06    0.448600E+01
    0.877000E+06    0.457300E+01
    0.878000E+06    0.452200E+01
    0.882000E+06    0.380600E+01
    0.885000E+06    0.352200E+01
    0.890000E+06    0.328600E+01
    0.895000E+06    0.312500E+01
    0.900000E+06    0.302900E+01
    0.905000E+06    0.291400E+01
    0.908000E+06    0.278700E+01
    0.910000E+06    0.265800E+01
    0.912000E+06    0.247600E+01
    0.914000E+06    0.223000E+01
    0.915000E+06    0.215700E+01
    0.915500E+06    0.216600E+01
    0.916000E+06    0.221900E+01
    0.916500E+06    0.232400E+01
    0.917000E+06    0.247500E+01
    0.918000E+06    0.284400E+01
    0.919000E+06    0.312500E+01
    0.920000E+06    0.319600E+01
    0.921000E+06    0.311200E+01
    0.922000E+06    0.297900E+01
    0.924000E+06    0.279200E+01
    0.925000E+06    0.278800E+01
    0.926000E+06    0.284300E+01
    0.927000E+06    0.298900E+01
    0.928000E+06    0.323700E+01
    0.929000E+06    0.365300E+01
    0.930000E+06    0.421100E+01
    0.930500E+06    0.438500E+01
    0.931000E+06    0.435800E+01
    0.931500E+06    0.414700E+01
    0.932000E+06    0.386100E+01
    0.933000E+06    0.336300E+01
    0.934000E+06    0.303600E+01
    0.936000E+06    0.261200E+01
    0.937000E+06    0.245600E+01
    0.938000E+06    0.237900E+01
    0.939000E+06    0.242300E+01
    0.940000E+06    0.256400E+01
    0.942000E+06    0.289700E+01
    0.944000E+06    0.314100E+01
    0.946000E+06    0.322700E+01
    0.950000E+06    0.313500E+01
    0.955000E+06    0.299400E+01
    0.964000E+06    0.284600E+01
    0.966000E+06    0.284800E+01
    0.968000E+06    0.290500E+01
    0.969000E+06    0.302200E+01
    0.969500E+06    0.315700E+01
    0.970000E+06    0.340800E+01
    0.970600E+06    0.383400E+01
    0.970800E+06    0.390100E+01
    0.971000E+06    0.387400E+01
    0.971200E+06    0.376600E+01
    0.971500E+06    0.354600E+01
    0.972000E+06    0.325200E+01
    0.972500E+06    0.309400E+01
    0.973000E+06    0.301500E+01
    0.974000E+06    0.296800E+01
    0.976000E+06    0.306700E+01
    0.979000E+06    0.352100E+01
    0.980000E+06    0.358800E+01
    0.981000E+06    0.349100E+01
    0.984000E+06    0.291800E+01
    0.986000E+06    0.269900E+01
    0.990000E+06    0.249700E+01
    0.995000E+06    0.237300E+01
    0.100000E+07    0.236700E+01
    0.100500E+07    0.252300E+01
    0.101000E+07    0.288400E+01
    0.101600E+07    0.343400E+01
    0.101800E+07    0.357100E+01
    0.102000E+07    0.362600E+01
    0.102400E+07    0.352200E+01
    0.102500E+07    0.353800E+01
    0.102600E+07    0.361400E+01
    0.102650E+07    0.359000E+01
    0.102800E+07    0.322800E+01
    0.102900E+07    0.306400E+01
    0.103200E+07    0.280800E+01
    0.103400E+07    0.261100E+01
    0.103600E+07    0.246700E+01
    0.103800E+07    0.250600E+01
    0.103900E+07    0.264400E+01
    0.104000E+07    0.287400E+01
    0.104200E+07    0.349200E+01
    0.104300E+07    0.372700E+01
    0.104400E+07    0.381400E+01
    0.104500E+07    0.376300E+01
    0.104800E+07    0.339900E+01
    0.105000E+07    0.325700E+01
    0.105237E+07    0.314318E+01
    0.106000E+07    0.279200E+01
    0.107500E+07    0.213600E+01
    0.108000E+07    0.201900E+01
    0.108200E+07    0.206900E+01
    0.108400E+07    0.225000E+01
    0.108600E+07    0.255400E+01
    0.109000E+07    0.329100E+01
    0.109200E+07    0.355100E+01
    0.109400E+07    0.358200E+01
    0.109800E+07    0.325400E+01
    0.110000E+07    0.311900E+01
    0.110200E+07    0.304500E+01
    0.110400E+07    0.306300E+01
    0.111000E+07    0.334600E+01
    0.111500E+07    0.353200E+01
    0.112000E+07    0.359900E+01
    0.114000E+07    0.356200E+01
    0.114500E+07    0.363500E+01
    0.114700E+07    0.372800E+01
    0.114800E+07    0.381400E+01
    0.114850E+07    0.388800E+01
    0.114900E+07    0.400500E+01
    0.114950E+07    0.422200E+01
    0.115000E+07    0.464400E+01
    0.115020E+07    0.483700E+01
    0.115040E+07    0.494200E+01
    0.115060E+07    0.489500E+01
    0.115100E+07    0.457100E+01
    0.115150E+07    0.429600E+01
    0.115200E+07    0.419500E+01
    0.115300E+07    0.418100E+01
    0.115400E+07    0.424300E+01
    0.116200E+07    0.516100E+01
    0.116400E+07    0.532300E+01
    0.116600E+07    0.537200E+01
    0.116800E+07    0.529700E+01
    0.117200E+07    0.489800E+01
    0.117400E+07    0.467400E+01
    0.117600E+07    0.450200E+01
    0.117800E+07    0.446600E+01
    0.117900E+07    0.451900E+01
    0.118000E+07    0.452100E+01
    0.118100E+07    0.436100E+01
    0.118200E+07    0.414900E+01
    0.118400E+07    0.386200E+01
    0.118600E+07    0.370300E+01
    0.119100E+07    0.348600E+01
    0.119200E+07    0.345700E+01
    0.119300E+07    0.353300E+01
    0.119500E+07    0.379700E+01
    0.119600E+07    0.370600E+01
    0.119700E+07    0.353800E+01
    0.119800E+07    0.342300E+01
    0.120000E+07    0.331400E+01
    0.121000E+07    0.314500E+01
    0.122500E+07    0.317500E+01
    0.123000E+07    0.314900E+01
    0.123500E+07    0.325500E+01
    0.123800E+07    0.340100E+01
    0.124000E+07    0.339500E+01
    0.124400E+07    0.312100E+01
    0.124800E+07    0.292200E+01
    0.125000E+07    0.303000E+01
    0.125100E+07    0.319300E+01
    0.125200E+07    0.343500E+01
    0.125300E+07    0.373100E+01
    0.125400E+07    0.391100E+01
    0.125500E+07    0.381600E+01
    0.125600E+07    0.361600E+01
    0.125700E+07    0.348700E+01
    0.125800E+07    0.345400E+01
    0.125900E+07    0.350100E+01
    0.126200E+07    0.385500E+01
    0.126300E+07    0.387800E+01
    0.126400E+07    0.379200E+01
    0.126600E+07    0.347800E+01
    0.126800E+07    0.323400E+01
    0.127000E+07    0.309900E+01
    0.127500E+07    0.299500E+01
    0.127800E+07    0.298100E+01
    0.128000E+07    0.288800E+01
    0.128300E+07    0.266100E+01
    0.128400E+07    0.260700E+01
    0.128500E+07    0.261400E+01
    0.128600E+07    0.268800E+01
    0.128700E+07    0.280900E+01
    0.128800E+07    0.296900E+01
    0.129000E+07    0.338200E+01
    0.129100E+07    0.332800E+01
    0.129200E+07    0.315900E+01
    0.129500E+07    0.295400E+01
    0.130000E+07    0.280800E+01
    0.131000E+07    0.260000E+01
    0.131400E+07    0.263100E+01
    0.131600E+07    0.268200E+01
    0.132000E+07    0.287400E+01
    0.132200E+07    0.286200E+01
    0.132500E+07    0.268400E+01
    0.133000E+07    0.252700E+01
    0.133500E+07    0.250600E+01
    0.134000E+07    0.261700E+01
    0.134100E+07    0.268500E+01
    0.134200E+07    0.278100E+01
    0.134350E+07    0.319700E+01
    0.134400E+07    0.326500E+01
    0.134450E+07    0.322900E+01
    0.134600E+07    0.283600E+01
    0.134700E+07    0.265600E+01
    0.134800E+07    0.250500E+01
    0.134900E+07    0.242000E+01
    0.135000E+07    0.240700E+01
    0.135100E+07    0.246900E+01
    0.135200E+07    0.259200E+01
    0.135300E+07    0.268800E+01
    0.135500E+07    0.298100E+01
    0.135600E+07    0.301700E+01
    0.135700E+07    0.289600E+01
    0.135800E+07    0.273000E+01
    0.136000E+07    0.251200E+01
    0.136200E+07    0.238900E+01
    0.136400E+07    0.230200E+01
    0.136600E+07    0.229200E+01
    0.136800E+07    0.236200E+01
    0.136900E+07    0.242600E+01
    0.137100E+07    0.262900E+01
    0.137400E+07    0.299300E+01
    0.137500E+07    0.308100E+01
    0.138000E+07    0.326400E+01
    0.138100E+07    0.321600E+01
    0.138700E+07    0.331800E+01
    0.139000E+07    0.345300E+01
    0.139500E+07    0.379300E+01
    0.139600E+07    0.400500E+01
    0.139700E+07    0.406100E+01
    0.139800E+07    0.404600E+01
    0.140000E+07    0.391500E+01
    0.140100E+07    0.385900E+01
    0.140300E+07    0.359000E+01
    0.140600E+07    0.329300E+01
    0.141000E+07    0.303500E+01
    0.141400E+07    0.287600E+01
    0.141800E+07    0.280300E+01
    0.142200E+07    0.281200E+01
    0.142400E+07    0.285400E+01
    0.142600E+07    0.295200E+01
    0.142700E+07    0.303000E+01
    0.143000E+07    0.343300E+01
    0.143400E+07    0.407600E+01
    0.143600E+07    0.429200E+01
    0.143800E+07    0.426900E+01
    0.144000E+07    0.404200E+01
    0.144200E+07    0.376200E+01
    0.144400E+07    0.353500E+01
    0.144600E+07    0.340900E+01
    0.144800E+07    0.344800E+01
    0.145000E+07    0.377400E+01
    0.145100E+07    0.382700E+01
    0.145300E+07    0.336400E+01
    0.145400E+07    0.319800E+01
    0.145600E+07    0.303200E+01
    0.146000E+07    0.292500E+01
    0.147000E+07    0.292000E+01
    0.148000E+07    0.284600E+01
    0.150000E+07    0.291000E+01
    0.151000E+07    0.299300E+01
    0.152000E+07    0.323500E+01
    0.152500E+07    0.328100E+01
    0.152800E+07    0.334400E+01
    0.153000E+07    0.343700E+01
    0.153200E+07    0.358500E+01
    0.153800E+07    0.421300E+01
    0.154000E+07    0.426600E+01
    0.154200E+07    0.412900E+01
    0.154400E+07    0.385600E+01
    0.154800E+07    0.325800E+01
    0.155000E+07    0.302200E+01
    0.155200E+07    0.283300E+01
    0.155400E+07    0.272400E+01
    0.155600E+07    0.270500E+01
    0.155850E+07    0.279800E+01
    0.155900E+07    0.285700E+01
    0.155940E+07    0.305900E+01
    0.155980E+07    0.336700E+01
    0.156000E+07    0.342600E+01
    0.156020E+07    0.334100E+01
    0.156060E+07    0.304800E+01
    0.156100E+07    0.287900E+01
    0.156150E+07    0.279100E+01
    0.156200E+07    0.275800E+01
    0.156400E+07    0.276000E+01
    0.156600E+07    0.281300E+01
    0.157500E+07    0.315700E+01
    0.158000E+07    0.309300E+01
    0.158500E+07    0.291700E+01
    0.159100E+07    0.277600E+01
    0.159500E+07    0.274800E+01
    0.159800E+07    0.282300E+01
    0.159900E+07    0.291600E+01
    0.160000E+07    0.310800E+01
    0.160100E+07    0.332300E+01
    0.160200E+07    0.347000E+01
    0.160300E+07    0.351400E+01
    0.160400E+07    0.349000E+01
    0.160500E+07    0.336100E+01
    0.161000E+07    0.309100E+01
    0.162000E+07    0.264300E+01
    0.162400E+07    0.259500E+01
    0.162500E+07    0.265600E+01
    0.162700E+07    0.296300E+01
    0.162800E+07    0.309200E+01
    0.162900E+07    0.309900E+01
    0.163000E+07    0.298200E+01
    0.163100E+07    0.283300E+01
    0.163200E+07    0.271400E+01
    0.163400E+07    0.261000E+01
    0.163600E+07    0.270600E+01
    0.163700E+07    0.279800E+01
    0.163800E+07    0.275400E+01
    0.164000E+07    0.252000E+01
    0.164200E+07    0.243400E+01
    0.164400E+07    0.239200E+01
    0.164800E+07    0.237300E+01
    0.165000E+07    0.237400E+01
    0.165400E+07    0.244800E+01
    0.165800E+07    0.258400E+01
    0.166400E+07    0.284600E+01
    0.166600E+07    0.297100E+01
    0.167000E+07    0.301100E+01
    0.167400E+07    0.280300E+01
    0.167600E+07    0.273800E+01
    0.167800E+07    0.276000E+01
    0.168200E+07    0.295100E+01
    0.170000E+07    0.318600E+01
    0.170800E+07    0.338300E+01
    0.172400E+07    0.344800E+01
    0.172800E+07    0.339200E+01
    0.173000E+07    0.329300E+01
    0.173150E+07    0.314300E+01
    0.173350E+07    0.283500E+01
    0.173400E+07    0.277600E+01
    0.173450E+07    0.275000E+01
    0.173500E+07    0.276700E+01
    0.173550E+07    0.282700E+01
    0.173650E+07    0.303200E+01
    0.173900E+07    0.358300E+01
    0.174300E+07    0.431700E+01
    0.174400E+07    0.441500E+01
    0.174500E+07    0.441000E+01
    0.174800E+07    0.409800E+01
    0.175000E+07    0.382521E+01
    0.175200E+07    0.356600E+01
    0.175400E+07    0.339300E+01
    0.175800E+07    0.316700E+01
    0.176200E+07    0.302300E+01
    0.177600E+07    0.266800E+01
    0.177800E+07    0.264600E+01
    0.178200E+07    0.265500E+01
    0.178400E+07    0.269000E+01
    0.178600E+07    0.262800E+01
    0.180000E+07    0.250000E+01
    0.182800E+07    0.227400E+01
    0.183850E+07    0.219400E+01
    0.184250E+07    0.210400E+01
    0.184600E+07    0.199200E+01
    0.184700E+07    0.199800E+01
    0.184800E+07    0.204900E+01
    0.184900E+07    0.215000E+01
    0.185050E+07    0.238000E+01
    0.185300E+07    0.288800E+01
    0.185450E+07    0.318000E+01
    0.185550E+07    0.330000E+01
    0.185650E+07    0.332200E+01
    0.185750E+07    0.324800E+01
    0.186100E+07    0.275100E+01
    0.186400E+07    0.243500E+01
    0.186600E+07    0.233800E+01
    0.187400E+07    0.240800E+01
    0.188000E+07    0.253400E+01
    0.188600E+07    0.270600E+01
    0.188800E+07    0.281500E+01
    0.189000E+07    0.285200E+01
    0.189200E+07    0.295000E+01
    0.189600E+07    0.330200E+01
    0.189691E+07    0.336961E+01
    0.190000E+07    0.349600E+01
    0.190200E+07    0.347300E+01
    0.190400E+07    0.335000E+01
    0.190800E+07    0.304500E+01
    0.191000E+07    0.296500E+01
    0.191400E+07    0.291700E+01
    0.192000E+07    0.292100E+01
    0.192400E+07    0.299600E+01
    0.193000E+07    0.304100E+01
    0.193200E+07    0.308500E+01
    0.193800E+07    0.338600E+01
    0.194600E+07    0.346700E+01
    0.195000E+07    0.358600E+01
    0.195200E+07    0.359500E+01
    0.195400E+07    0.354000E+01
    0.195600E+07    0.340300E+01
    0.196000E+07    0.304300E+01
    0.196200E+07    0.290900E+01
    0.196800E+07    0.263700E+01
    0.197200E+07    0.244000E+01
    0.197400E+07    0.236200E+01
    0.197600E+07    0.236300E+01
    0.198000E+07    0.245600E+01
    0.198200E+07    0.252500E+01
    0.198400E+07    0.262900E+01
    0.199000E+07    0.307700E+01
    0.199200E+07    0.320700E+01
    0.199400E+07    0.327100E+01
    0.199600E+07    0.329200E+01
    0.199800E+07    0.323800E+01
    0.200000E+07    0.322500E+01
    0.200200E+07    0.330400E+01
    0.200400E+07    0.344200E+01
    0.200600E+07    0.362200E+01
    0.200800E+07    0.375900E+01
    0.201000E+07    0.382600E+01
    0.201200E+07    0.380400E+01
    0.201600E+07    0.365500E+01
    0.202400E+07    0.353900E+01
    0.203000E+07    0.336300E+01
    0.203400E+07    0.321100E+01
    0.203600E+07    0.306400E+01
    0.203800E+07    0.299300E+01
    0.204000E+07    0.306600E+01
    0.204200E+07    0.317000E+01
    0.204550E+07    0.348300E+01
    0.204750E+07    0.371300E+01
    0.204850E+07    0.375700E+01
    0.204950E+07    0.371800E+01
    0.205000E+07    0.367000E+01
    0.205450E+07    0.307900E+01
    0.206050E+07    0.238400E+01
    0.206150E+07    0.230800E+01
    0.206250E+07    0.228500E+01
    0.206350E+07    0.232100E+01
    0.206500E+07    0.246100E+01
    0.206850E+07    0.284400E+01
    0.207150E+07    0.305700E+01
    0.207600E+07    0.323900E+01
    0.208400E+07    0.342100E+01
    0.208600E+07    0.353200E+01
    0.208800E+07    0.356700E+01
    0.209200E+07    0.353900E+01
    0.209800E+07    0.335900E+01
    0.210000E+07    0.328700E+01
    0.210400E+07    0.315800E+01
    0.210600E+07    0.311500E+01
    0.210800E+07    0.311500E+01
    0.211200E+07    0.289200E+01
    0.211600E+07    0.286500E+01
    0.212200E+07    0.294300E+01
    0.212800E+07    0.299200E+01
    0.213600E+07    0.290800E+01
    0.213800E+07    0.291700E+01
    0.214000E+07    0.283200E+01
    0.214200E+07    0.285800E+01
    0.215000E+07    0.309900E+01
    0.216000E+07    0.346000E+01
    0.216400E+07    0.354000E+01
    0.216600E+07    0.366800E+01
    0.216800E+07    0.357300E+01
    0.217200E+07    0.329200E+01
    0.218200E+07    0.331000E+01
    0.218400E+07    0.325100E+01
    0.218800E+07    0.303600E+01
    0.219200E+07    0.289800E+01
    0.219400E+07    0.288300E+01
    0.219600E+07    0.291300E+01
    0.219800E+07    0.299200E+01
    0.220000E+07    0.312100E+01
    0.220400E+07    0.338600E+01
    0.220600E+07    0.344300E+01
    0.220800E+07    0.343600E+01
    0.221000E+07    0.333800E+01
    0.221400E+07    0.306500E+01
    0.221600E+07    0.296100E+01
    0.221800E+07    0.294300E+01
    0.222400E+07    0.304900E+01
    0.222800E+07    0.301400E+01
    0.223200E+07    0.289100E+01
    0.223600E+07    0.285800E+01
    0.224000E+07    0.291100E+01
    0.224600E+07    0.317500E+01
    0.225000E+07    0.321900E+01
    0.225400E+07    0.314000E+01
    0.225800E+07    0.303400E+01
    0.226600E+07    0.303100E+01
    0.227600E+07    0.317300E+01
    0.228000E+07    0.316500E+01
    0.228800E+07    0.305200E+01
    0.229376E+07    0.310301E+01
    0.230000E+07    0.315900E+01
    0.231000E+07    0.325300E+01
    0.231200E+07    0.321700E+01
    0.231600E+07    0.303800E+01
    0.232200E+07    0.269500E+01
    0.232600E+07    0.258400E+01
    0.232800E+07    0.258500E+01
    0.233000E+07    0.262600E+01
    0.233200E+07    0.270800E+01
    0.233600E+07    0.293200E+01
    0.233800E+07    0.302100E+01
    0.234000E+07    0.306700E+01
    0.234400E+07    0.305600E+01
    0.234600E+07    0.295400E+01
    0.234800E+07    0.295400E+01
    0.235000E+07    0.302200E+01
    0.235200E+07    0.308700E+01
    0.235400E+07    0.307900E+01
    0.235600E+07    0.297100E+01
    0.235800E+07    0.278500E+01
    0.236200E+07    0.248900E+01
    0.236400E+07    0.238100E+01
    0.236600E+07    0.232600E+01
    0.237400E+07    0.225600E+01
    0.238000E+07    0.214700E+01
    0.238400E+07    0.213500E+01
    0.238800E+07    0.219100E+01
    0.239200E+07    0.232700E+01
    0.239800E+07    0.261200E+01
    0.240000E+07    0.268600E+01
    0.240200E+07    0.274500E+01
    0.240600E+07    0.277300E+01
    0.241200E+07    0.275100E+01
    0.241600E+07    0.279700E+01
    0.241800E+07    0.282800E+01
    0.242000E+07    0.290000E+01
    0.242200E+07    0.291700E+01
    0.242400E+07    0.284600E+01
    0.242600E+07    0.271100E+01
    0.243200E+07    0.240300E+01
    0.243400E+07    0.233800E+01
    0.244600E+07    0.213000E+01
    0.245000E+07    0.208600E+01
    0.245400E+07    0.207300E+01
    0.245800E+07    0.213100E+01
    0.246400E+07    0.233000E+01
    0.246800E+07    0.251000E+01
    0.248200E+07    0.330400E+01
    0.249000E+07    0.362700E+01
    0.250000E+07    0.396600E+01
    0.250200E+07    0.404700E+01
    0.250600E+07    0.408800E+01
    0.251000E+07    0.401300E+01
    0.251600E+07    0.383400E+01
    0.252000E+07    0.384700E+01
    0.252600E+07    0.386800E+01
    0.253000E+07    0.374400E+01
    0.253400E+07    0.350400E+01
    0.253600E+07    0.335400E+01
    0.254000E+07    0.319200E+01
    0.254600E+07    0.303800E+01
    0.254800E+07    0.301400E+01
    0.255000E+07    0.303100E+01
    0.255200E+07    0.310300E+01
    0.255400E+07    0.320800E+01
    0.255600E+07    0.336700E+01
    0.256200E+07    0.395800E+01
    0.256400E+07    0.408600E+01
    0.256600E+07    0.415400E+01
    0.257000E+07    0.414500E+01
    0.259000E+07    0.354800E+01
    0.260000E+07    0.315100E+01
    0.260500E+07    0.297900E+01
    0.261000E+07    0.286300E+01
    0.261500E+07    0.282500E+01
    0.262000E+07    0.285700E+01
    0.263000E+07    0.300100E+01
    0.263500E+07    0.299600E+01
    0.264000E+07    0.296100E+01
    0.264500E+07    0.299500E+01
    0.265000E+07    0.309900E+01
    0.265500E+07    0.325100E+01
    0.266000E+07    0.331600E+01
    0.266500E+07    0.321800E+01
    0.267000E+07    0.296500E+01
    0.267500E+07    0.261800E+01
    0.268000E+07    0.244300E+01
    0.268500E+07    0.245500E+01
    0.269500E+07    0.273700E+01
    0.270000E+07    0.277600E+01
    0.270500E+07    0.272900E+01
    0.271500E+07    0.278900E+01
    0.272500E+07    0.285900E+01
    0.273500E+07    0.275600E+01
    0.274000E+07    0.269600E+01
    0.274500E+07    0.272700E+01
    0.275000E+07    0.279300E+01
    0.275500E+07    0.284600E+01
    0.276500E+07    0.281900E+01
    0.277000E+07    0.299600E+01
    0.278000E+07    0.358900E+01
    0.278500E+07    0.363300E+01
    0.279000E+07    0.348600E+01
    0.279500E+07    0.327000E+01
    0.280000E+07    0.302100E+01
    0.280500E+07    0.279400E+01
    0.281000E+07    0.260800E+01
    0.282500E+07    0.242600E+01
    0.283704E+07    0.230311E+01
    0.284500E+07    0.222600E+01
    0.285000E+07    0.220200E+01
    0.285500E+07    0.219800E+01
    0.286000E+07    0.222700E+01
    0.286500E+07    0.236900E+01
    0.287000E+07    0.255000E+01
    0.287500E+07    0.264200E+01
    0.288000E+07    0.261600E+01
    0.288500E+07    0.249700E+01
    0.289000E+07    0.242400E+01
    0.289500E+07    0.253000E+01
    0.290000E+07    0.274600E+01
    0.290500E+07    0.293200E+01
    0.291000E+07    0.295800E+01
    0.291500E+07    0.283100E+01
    0.291838E+07    0.266563E+01
    0.292000E+07    0.259100E+01
    0.292500E+07    0.244700E+01
    0.293000E+07    0.244200E+01
    0.293500E+07    0.249700E+01
    0.294000E+07    0.249300E+01
    0.294500E+07    0.244000E+01
    0.295000E+07    0.236000E+01
    0.295500E+07    0.238400E+01
    0.296500E+07    0.255900E+01
    0.297000E+07    0.258600E+01
    0.298000E+07    0.257300E+01
    0.298500E+07    0.263400E+01
    0.299500E+07    0.281500E+01
    0.300000E+07    0.288500E+01
    0.300500E+07    0.293700E+01
    0.301000E+07    0.294200E+01
    0.301500E+07    0.289600E+01
    0.302000E+07    0.272700E+01
    0.302500E+07    0.251500E+01
    0.303000E+07    0.239000E+01
    0.304500E+07    0.228000E+01
    0.305000E+07    0.221400E+01
    0.305500E+07    0.220100E+01
    0.306000E+07    0.227500E+01
    0.307000E+07    0.247800E+01
    0.308500E+07    0.253600E+01
    0.309254E+07    0.259918E+01
    0.309500E+07    0.262000E+01
    0.310000E+07    0.263200E+01
    0.310500E+07    0.261100E+01
    0.311000E+07    0.255500E+01
    0.311630E+07    0.244851E+01
    0.312000E+07    0.238800E+01
    0.312500E+07    0.237100E+01
    0.313000E+07    0.246000E+01
    0.313500E+07    0.262300E+01
    0.314000E+07    0.275000E+01
    0.314500E+07    0.279000E+01
    0.315000E+07    0.266700E+01
    0.315500E+07    0.241000E+01
    0.316000E+07    0.219900E+01
    0.316500E+07    0.207200E+01
    0.317000E+07    0.205400E+01
    0.317500E+07    0.213400E+01
    0.318500E+07    0.242600E+01
    0.319000E+07    0.253500E+01
    0.320000E+07    0.267800E+01
    0.320500E+07    0.273500E+01
    0.321000E+07    0.274400E+01
    0.321500E+07    0.268600E+01
    0.322500E+07    0.242300E+01
    0.323000E+07    0.237100E+01
    0.323500E+07    0.237800E+01
    0.324500E+07    0.251200E+01
    0.324735E+07    0.255221E+01
    0.325000E+07    0.259800E+01
    0.326000E+07    0.275100E+01
    0.326500E+07    0.278400E+01
    0.327000E+07    0.276900E+01
    0.327500E+07    0.266700E+01
    0.328000E+07    0.253100E+01
    0.328500E+07    0.242300E+01
    0.329000E+07    0.238400E+01
    0.330000E+07    0.240100E+01
    0.330500E+07    0.233800E+01
    0.331000E+07    0.230500E+01
    0.332000E+07    0.231600E+01
    0.333000E+07    0.239600E+01
    0.335000E+07    0.255200E+01
    0.335500E+07    0.253900E+01
    0.336000E+07    0.255600E+01
    0.336500E+07    0.258200E+01
    0.337000E+07    0.265700E+01
    0.338000E+07    0.281300E+01
    0.338500E+07    0.285400E+01
    0.339000E+07    0.283400E+01
    0.339500E+07    0.276600E+01
    0.340000E+07    0.265200E+01
    0.341000E+07    0.247000E+01
    0.342000E+07    0.234200E+01
    0.342500E+07    0.229900E+01
    0.343500E+07    0.228500E+01
    0.345000E+07    0.239800E+01
    0.346000E+07    0.247200E+01
    0.346500E+07    0.248000E+01
    0.347000E+07    0.245800E+01
    0.348500E+07    0.246100E+01
    0.349000E+07    0.249600E+01
    0.349500E+07    0.253200E+01
    0.350000E+07    0.253500E+01
    0.351000E+07    0.246200E+01
    0.352000E+07    0.229500E+01
    0.352500E+07    0.224600E+01
    0.353000E+07    0.224300E+01
    0.353500E+07    0.227400E+01
    0.355500E+07    0.248200E+01
    0.356000E+07    0.251800E+01
    0.357500E+07    0.280500E+01
    0.358000E+07    0.287200E+01
    0.359000E+07    0.288400E+01
    0.360000E+07    0.278300E+01
    0.361000E+07    0.278700E+01
    0.362000E+07    0.286200E+01
    0.362500E+07    0.283600E+01
    0.363000E+07    0.277100E+01
    0.364000E+07    0.251700E+01
    0.364500E+07    0.241400E+01
    0.365000E+07    0.233700E+01
    0.365838E+07    0.226292E+01
    0.366000E+07    0.225000E+01
    0.367000E+07    0.217500E+01
    0.367500E+07    0.215700E+01
    0.368000E+07    0.217900E+01
    0.368500E+07    0.222400E+01
    0.369500E+07    0.239100E+01
    0.370000E+07    0.248800E+01
    0.370500E+07    0.257800E+01
    0.371000E+07    0.264100E+01
    0.371500E+07    0.266500E+01
    0.372000E+07    0.265000E+01
    0.372500E+07    0.259600E+01
    0.373500E+07    0.242600E+01
    0.373730E+07    0.240071E+01
    0.374000E+07    0.239400E+01
    0.375000E+07    0.245600E+01
    0.376500E+07    0.258700E+01
    0.378000E+07    0.262300E+01
    0.379500E+07    0.256300E+01
    0.380000E+07    0.252800E+01
    0.381000E+07    0.247400E+01
    0.381767E+07    0.246750E+01
    0.382500E+07    0.245100E+01
    0.383170E+07    0.240953E+01
    0.383500E+07    0.238200E+01
    0.384500E+07    0.228400E+01
    0.385000E+07    0.225200E+01
    0.386000E+07    0.223900E+01
    0.387500E+07    0.227300E+01
    0.388000E+07    0.227000E+01
    0.389000E+07    0.227900E+01
    0.389500E+07    0.232100E+01
    0.390000E+07    0.239100E+01
    0.390943E+07    0.250293E+01
    0.391000E+07    0.250800E+01
    0.391500E+07    0.250500E+01
    0.393000E+07    0.239100E+01
    0.394500E+07    0.240100E+01
    0.395000E+07    0.241200E+01
    0.397000E+07    0.229500E+01
    0.398000E+07    0.230300E+01
    0.399000E+07    0.237200E+01
    0.399500E+07    0.241700E+01
    0.400000E+07    0.242800E+01
    0.402000E+07    0.247700E+01
    0.403000E+07    0.251100E+01
    0.405000E+07    0.245400E+01
    0.406500E+07    0.241100E+01
    0.407500E+07    0.243700E+01
    0.409000E+07    0.240100E+01
    0.410000E+07    0.232800E+01
    0.410472E+07    0.232423E+01
    0.411000E+07    0.232000E+01
    0.412000E+07    0.240200E+01
    0.412500E+07    0.242300E+01
    0.413000E+07    0.241400E+01
    0.414000E+07    0.232100E+01
    0.414500E+07    0.227100E+01
    0.415000E+07    0.225600E+01
    0.415500E+07    0.227600E+01
    0.417000E+07    0.247000E+01
    0.417500E+07    0.251300E+01
    0.418500E+07    0.250200E+01
    0.420000E+07    0.230200E+01
    0.420586E+07    0.225423E+01
    0.421500E+07    0.218200E+01
    0.424000E+07    0.213500E+01
    0.424500E+07    0.213800E+01
    0.425000E+07    0.216700E+01
    0.426000E+07    0.222300E+01
    0.427500E+07    0.222700E+01
    0.429000E+07    0.215400E+01
    0.429500E+07    0.215900E+01
    0.430000E+07    0.218700E+01
    0.432000E+07    0.236800E+01
    0.433000E+07    0.239500E+01
    0.434500E+07    0.234200E+01
    0.435000E+07    0.235100E+01
    0.437500E+07    0.242900E+01
    0.438000E+07    0.242500E+01
    0.439000E+07    0.233800E+01
    0.440000E+07    0.219800E+01
    0.442000E+07    0.195300E+01
    0.443000E+07    0.188000E+01
    0.444000E+07    0.187900E+01
    0.445000E+07    0.199000E+01
    0.446500E+07    0.222100E+01
    0.447000E+07    0.227600E+01
    0.447500E+07    0.227800E+01
    0.449500E+07    0.218400E+01
    0.450000E+07    0.218500E+01
    0.450500E+07    0.218000E+01
    0.452000E+07    0.225100E+01
    0.453000E+07    0.226800E+01
    0.454500E+07    0.210900E+01
    0.455000E+07    0.207900E+01
    0.456000E+07    0.206300E+01
    0.457000E+07    0.209400E+01
    0.457507E+07    0.209261E+01
    0.460000E+07    0.208600E+01
    0.460500E+07    0.207900E+01
    0.462000E+07    0.213400E+01
    0.463500E+07    0.225000E+01
    0.463890E+07    0.228940E+01
    0.464211E+07    0.232348E+01
    0.464419E+07    0.234492E+01
    0.464500E+07    0.235300E+01
    0.465000E+07    0.239500E+01
    0.466000E+07    0.239900E+01
    0.467891E+07    0.226530E+01
    0.468000E+07    0.225800E+01
    0.470000E+07    0.215600E+01
    0.473000E+07    0.202600E+01
    0.474000E+07    0.206600E+01
    0.475000E+07    0.220000E+01
    0.475122E+07    0.222343E+01
    0.476000E+07    0.239900E+01
    0.477000E+07    0.249000E+01
    0.478000E+07    0.247700E+01
    0.479000E+07    0.242400E+01
    0.480000E+07    0.232900E+01
    0.481644E+07    0.219762E+01
    0.482000E+07    0.216800E+01
    0.483000E+07    0.206700E+01
    0.484000E+07    0.201200E+01
    0.485000E+07    0.200300E+01
    0.487000E+07    0.197700E+01
    0.488000E+07    0.200600E+01
    0.490000E+07    0.215300E+01
    0.491000E+07    0.221500E+01
    0.494000E+07    0.223400E+01
    0.495000E+07    0.216500E+01
    0.496000E+07    0.211200E+01
    0.497000E+07    0.210400E+01
    0.498000E+07    0.218500E+01
    0.499000E+07    0.229400E+01
    0.499158E+07    0.230556E+01
    0.500000E+07    0.236800E+01
    0.501000E+07    0.240300E+01
    0.503000E+07    0.233300E+01
    0.505000E+07    0.232600E+01
    0.507000E+07    0.225600E+01
    0.509000E+07    0.223300E+01
    0.510000E+07    0.225100E+01
    0.512255E+07    0.222120E+01
    0.513000E+07    0.221300E+01
    0.515000E+07    0.220700E+01
    0.516247E+07    0.218697E+01
    0.518000E+07    0.212700E+01
    0.520000E+07    0.198400E+01
    0.520328E+07    0.197046E+01
    0.521000E+07    0.195400E+01
    0.522000E+07    0.195700E+01
    0.523000E+07    0.200800E+01
    0.524000E+07    0.203000E+01
    0.525000E+07    0.203216E+01
    0.526000E+07    0.202500E+01
    0.527000E+07    0.199900E+01
    0.529000E+07    0.204800E+01
    0.530000E+07    0.209500E+01
    0.532000E+07    0.220600E+01
    0.533000E+07    0.227400E+01
    0.534906E+07    0.228727E+01
    0.535000E+07    0.228600E+01
    0.537000E+07    0.223700E+01
    0.539000E+07    0.226000E+01
    0.540000E+07    0.223400E+01
    0.542000E+07    0.207900E+01
    0.543000E+07    0.201800E+01
    0.544000E+07    0.198300E+01
    0.544440E+07    0.199453E+01
    0.545192E+07    0.201468E+01
    0.547000E+07    0.206300E+01
    0.549000E+07    0.203600E+01
    0.550000E+07    0.199600E+01
    0.550213E+07    0.198750E+01
    0.551000E+07    0.195800E+01
    0.551810E+07    0.194151E+01
    0.555000E+07    0.195400E+01
    0.556000E+07    0.196100E+01
    0.557000E+07    0.202100E+01
    0.558000E+07    0.213200E+01
    0.558916E+07    0.212569E+01
    0.560000E+07    0.208500E+01
    0.561000E+07    0.203900E+01
    0.562251E+07    0.202075E+01
    0.563590E+07    0.201590E+01
    0.564171E+07    0.201747E+01
    0.566000E+07    0.203200E+01
    0.569000E+07    0.208000E+01
    0.570000E+07    0.207600E+01
    0.570540E+07    0.206384E+01
    0.574000E+07    0.196300E+01
    0.575000E+07    0.194043E+01
    0.575820E+07    0.192841E+01
    0.576000E+07    0.192700E+01
    0.578000E+07    0.198300E+01
    0.579788E+07    0.208815E+01
    0.580000E+07    0.210000E+01
    0.581000E+07    0.214500E+01
    0.582434E+07    0.212088E+01
    0.583000E+07    0.209700E+01
    0.584000E+07    0.204700E+01
    0.585000E+07    0.203100E+01
    0.585471E+07    0.203270E+01
    0.586000E+07    0.205000E+01
    0.587885E+07    0.217013E+01
    0.589000E+07    0.223600E+01
    0.590000E+07    0.226500E+01
    0.590565E+07    0.226965E+01
    0.592000E+07    0.226500E+01
    0.592610E+07    0.225831E+01
    0.595000E+07    0.220500E+01
    0.596630E+07    0.213532E+01
    0.597000E+07    0.212000E+01
    0.600000E+07    0.211300E+01
    0.603000E+07    0.213700E+01
    0.604463E+07    0.208936E+01
    0.605000E+07    0.207300E+01
    0.606000E+07    0.206400E+01
    0.610000E+07    0.215000E+01
    0.611000E+07    0.215900E+01
    0.613000E+07    0.204500E+01
    0.614000E+07    0.196400E+01
    0.615000E+07    0.190900E+01
    0.617000E+07    0.185800E+01
    0.618000E+07    0.184700E+01
    0.618239E+07    0.184938E+01
    0.620000E+07    0.189400E+01
    0.620184E+07    0.189702E+01
    0.623000E+07    0.191300E+01
    0.625000E+07    0.199299E+01
    0.625960E+07    0.202520E+01
    0.626000E+07    0.202600E+01
    0.627362E+07    0.205171E+01
    0.629000E+07    0.208300E+01
    0.630000E+07    0.207200E+01
    0.630729E+07    0.206506E+01
    0.633647E+07    0.203620E+01
    0.634402E+07    0.202878E+01
    0.637000E+07    0.202000E+01
    0.638945E+07    0.204472E+01
    0.640000E+07    0.206500E+01
    0.642000E+07    0.210500E+01
    0.645000E+07    0.221100E+01
    0.645953E+07    0.221360E+01
    0.647000E+07    0.219900E+01
    0.648000E+07    0.217400E+01
    0.650000E+07    0.204700E+01
    0.652000E+07    0.196800E+01
    0.652203E+07    0.196591E+01
    0.654000E+07    0.197300E+01
    0.657000E+07    0.201900E+01
    0.658441E+07    0.202099E+01
    0.660000E+07    0.202200E+01
    0.661000E+07    0.202200E+01
    0.661991E+07    0.200181E+01
    0.665000E+07    0.186000E+01
    0.666000E+07    0.183400E+01
    0.668000E+07    0.186600E+01
    0.670000E+07    0.195200E+01
    0.670565E+07    0.197550E+01
    0.671944E+07    0.202819E+01
    0.672000E+07    0.203000E+01
    0.674531E+07    0.206819E+01
    0.675000E+07    0.206913E+01
    0.675523E+07    0.206652E+01
    0.677723E+07    0.203757E+01
    0.678836E+07    0.201725E+01
    0.679000E+07    0.201400E+01
    0.680000E+07    0.199100E+01
    0.683000E+07    0.195400E+01
    0.685000E+07    0.197000E+01
    0.685155E+07    0.197259E+01
    0.685223E+07    0.197382E+01
    0.689000E+07    0.205400E+01
    0.690000E+07    0.206300E+01
    0.690016E+07    0.206312E+01
    0.690467E+07    0.206676E+01
    0.691000E+07    0.206700E+01
    0.694000E+07    0.199300E+01
    0.696000E+07    0.193400E+01
    0.696396E+07    0.192356E+01
    0.697063E+07    0.190819E+01
    0.699000E+07    0.189300E+01
    0.700000E+07    0.190500E+01
    0.701150E+07    0.191724E+01
    0.701790E+07    0.192407E+01
    0.702869E+07    0.193561E+01
    0.703000E+07    0.193700E+01
    0.704000E+07    0.193500E+01
    0.704055E+07    0.193398E+01
    0.706669E+07    0.187196E+01
    0.706894E+07    0.186596E+01
    0.707000E+07    0.186300E+01
    0.707496E+07    0.184490E+01
    0.707584E+07    0.184160E+01
    0.709000E+07    0.178500E+01
    0.710000E+07    0.181300E+01
    0.711287E+07    0.180654E+01
    0.714000E+07    0.179300E+01
    0.720000E+07    0.184300E+01
    0.725000E+07    0.185873E+01
    0.726000E+07    0.185600E+01
    0.726225E+07    0.185484E+01
    0.726225E+07    0.185484E+01
    0.730000E+07    0.183400E+01
    0.732000E+07    0.182500E+01
    0.739000E+07    0.176100E+01
    0.740000E+07    0.176100E+01
    0.746000E+07    0.178400E+01
    0.750000E+07    0.182600E+01
    0.760000E+07    0.193200E+01
    0.766000E+07    0.192400E+01
    0.770000E+07    0.189300E+01
    0.775000E+07    0.182140E+01
    0.776000E+07    0.181100E+01
    0.780000E+07    0.179800E+01
    0.786000E+07    0.181100E+01
    0.788000E+07    0.177500E+01
    0.790000E+07    0.178100E+01
    0.792000E+07    0.184400E+01
    0.794000E+07    0.188800E+01
    0.798000E+07    0.188500E+01
    0.800000E+07    0.184200E+01
    0.808000E+07    0.174400E+01
    0.812000E+07    0.179000E+01
    0.814992E+07    0.175779E+01
    0.818000E+07    0.172800E+01
    0.820000E+07    0.172800E+01
    0.825000E+07    0.175338E+01
    0.830000E+07    0.177700E+01
    0.840000E+07    0.180100E+01
    0.850000E+07    0.180000E+01
    0.858137E+07    0.179269E+01
    0.860000E+07    0.179100E+01
    0.870000E+07    0.176100E+01
    0.880000E+07    0.171400E+01
    0.895000E+07    0.167500E+01
    0.900000E+07    0.167200E+01
    0.920000E+07    0.168600E+01
    0.930000E+07    0.170700E+01
    0.932183E+07    0.171136E+01
    0.940000E+07    0.172600E+01
    0.950000E+07    0.173100E+01
    0.960000E+07    0.172500E+01
    0.970000E+07    0.172700E+01
    0.980000E+07    0.173800E+01
    0.999607E+07    0.172372E+01
    0.100000E+08    0.172300E+01
    0.102000E+08    0.167800E+01
    0.102500E+08    0.167000E+01
    0.103500E+08    0.167700E+01
    0.103614E+08    0.168077E+01
    0.104000E+08    0.169500E+01
    0.104670E+08    0.171392E+01
    0.105000E+08    0.172300E+01
    0.105500E+08    0.173500E+01
    0.106000E+08    0.172500E+01
    0.107535E+08    0.169564E+01
    0.107675E+08    0.169303E+01
    0.107860E+08    0.168958E+01
    0.108000E+08    0.168700E+01
    0.109000E+08    0.168700E+01
    0.110000E+08    0.171600E+01
    0.111500E+08    0.175000E+01
    0.112000E+08    0.174700E+01
    0.112500E+08    0.175700E+01
    0.112886E+08    0.175002E+01
    0.112898E+08    0.174982E+01
    0.113500E+08    0.173900E+01
    0.113571E+08    0.173811E+01
    0.114000E+08    0.174000E+01
    0.114317E+08    0.174138E+01
    0.115000E+08    0.174500E+01
    0.116000E+08    0.175900E+01
    0.117622E+08    0.174193E+01
    0.118000E+08    0.173900E+01
    0.118967E+08    0.173489E+01
    0.119522E+08    0.173272E+01
    0.120000E+08    0.173100E+01
    0.121764E+08    0.172634E+01
    0.122000E+08    0.172600E+01
    0.122028E+08    0.172597E+01
    0.123010E+08    0.173260E+01
    0.124000E+08    0.173900E+01
    0.125000E+08    0.173600E+01
    0.126000E+08    0.173500E+01
    0.126278E+08    0.173483E+01
    0.127635E+08    0.173412E+01
    0.128000E+08    0.173400E+01
    0.129618E+08    0.173392E+01
    0.130000E+08    0.173400E+01
    0.131421E+08    0.173463E+01
    0.132000E+08    0.173500E+01
    0.132697E+08    0.173563E+01
    0.133279E+08    0.173628E+01
    0.134000E+08    0.173700E+01
    0.134084E+08    0.173704E+01
    0.135000E+08    0.173700E+01
    0.135450E+08    0.173790E+01
    0.135463E+08    0.173793E+01
    0.136000E+08    0.173900E+01
    0.137500E+08    0.174130E+01
    0.137833E+08    0.174177E+01
    0.138000E+08    0.174200E+01
    0.139494E+08    0.174348E+01
    0.140000E+08    0.174400E+01
    0.141298E+08    0.174704E+01
    0.141953E+08    0.174799E+01
    0.141956E+08    0.174800E+01
    0.142000E+08    0.174800E+01
    0.142500E+08    0.174800E+01
    0.144000E+08    0.174800E+01
    0.144801E+08    0.174718E+01
    0.145000E+08    0.174700E+01
    0.146000E+08    0.174700E+01
    0.147500E+08    0.174930E+01
    0.148000E+08    0.175000E+01
    0.148223E+08    0.175023E+01
    0.148311E+08    0.175030E+01
    0.150000E+08    0.175100E+01
    0.152000E+08    0.175320E+01
    0.152500E+08    0.175380E+01
    0.153437E+08    0.175480E+01
    0.154000E+08    0.175540E+01
    0.155000E+08    0.175650E+01
    0.156000E+08    0.175760E+01
    0.158000E+08    0.175980E+01
    0.160000E+08    0.176190E+01
    0.162000E+08    0.176400E+01
    0.164000E+08    0.176610E+01
    0.165000E+08    0.176710E+01
    0.168000E+08    0.177010E+01
    0.170000E+08    0.177220E+01
    0.172000E+08    0.177410E+01
    0.172821E+08    0.177494E+01
    0.174000E+08    0.177610E+01
    0.174279E+08    0.177638E+01
    0.175000E+08    0.177710E+01
    0.176000E+08    0.177810E+01
    0.177810E+08    0.177982E+01
    0.178000E+08    0.178000E+01
    0.180000E+08    0.178190E+01
    0.182000E+08    0.178380E+01
    0.184000E+08    0.178570E+01
    0.185000E+08    0.178660E+01
    0.186000E+08    0.178750E+01
    0.188000E+08    0.178930E+01
    0.188945E+08    0.179026E+01
    0.190000E+08    0.179120E+01
    0.192000E+08    0.179293E+01
    0.194000E+08    0.179463E+01
    0.195000E+08    0.179548E+01
    0.195899E+08    0.179625E+01
    0.196000E+08    0.179634E+01
    0.200000E+08    0.180000E+01
    0.200000E+08    0.179999E+01
    0.209452E+08    0.181084E+01
    0.210000E+08    0.181148E+01
    0.213282E+08    0.181539E+01
    0.215394E+08    0.181795E+01
    0.220000E+08    0.182370E+01
    0.229082E+08    0.183515E+01
    0.230000E+08    0.183630E+01
    0.233497E+08    0.184068E+01
    0.240000E+08    0.184887E+01
    0.250000E+08    0.186102E+01
    0.253373E+08    0.186488E+01
    0.254920E+08    0.186662E+01
    0.255163E+08    0.186689E+01
    0.260000E+08    0.187213E+01
    0.270000E+08    0.188043E+01
    0.273136E+08    0.188223E+01
    0.280000E+08    0.188515E+01
    0.285531E+08    0.188636E+01
    0.290000E+08    0.188654E+01
    0.291676E+08    0.188647E+01
    0.300000E+08    0.188540E+01
    0.300414E+08    0.188533E+01
    0.310000E+08    0.188339E+01
    0.320000E+08    0.188085E+01
    0.320445E+08    0.188072E+01
    0.321504E+08    0.188041E+01
    0.330000E+08    0.187773E+01
    0.331217E+08    0.187731E+01
    0.333986E+08    0.187632E+01
    0.334659E+08    0.187607E+01
    0.337734E+08    0.187491E+01
    0.340000E+08    0.187401E+01
    0.348175E+08    0.187052E+01
    0.348303E+08    0.187047E+01
    0.350000E+08    0.186969E+01
    0.357643E+08    0.186535E+01
    0.360000E+08    0.186371E+01
    0.360437E+08    0.186339E+01
    0.367303E+08    0.185780E+01
    0.368945E+08    0.185631E+01
    0.370000E+08    0.185532E+01
    0.380000E+08    0.184492E+01
    0.390000E+08    0.183285E+01
    0.400000E+08    0.181943E+01
    0.408955E+08    0.180691E+01
    0.410000E+08    0.180546E+01
    0.416422E+08    0.179648E+01
    0.420000E+08    0.179148E+01
    0.429023E+08    0.177881E+01
    0.430000E+08    0.177744E+01
    0.438518E+08    0.176540E+01
    0.440000E+08    0.176330E+01
    0.446713E+08    0.175373E+01
    0.450000E+08    0.174902E+01
    0.460000E+08    0.173453E+01
    0.460540E+08    0.173374E+01
    0.462345E+08    0.173110E+01
    0.468100E+08    0.172264E+01
    0.470000E+08    0.171983E+01
    0.476783E+08    0.170977E+01
    0.480000E+08    0.170498E+01
    0.480189E+08    0.170470E+01
    0.485376E+08    0.169696E+01
    0.487769E+08    0.169338E+01
    0.490000E+08    0.169004E+01
    0.496833E+08    0.167980E+01
    0.497153E+08    0.167932E+01
    0.500000E+08    0.167505E+01
    0.510000E+08    0.165963E+01
    0.520000E+08    0.164354E+01
    0.525696E+08    0.163414E+01
    0.530000E+08    0.162696E+01
    0.540000E+08    0.161006E+01
    0.550000E+08    0.159300E+01
    0.553837E+08    0.158646E+01
    0.560000E+08    0.157603E+01
    0.570000E+08    0.155930E+01
    0.575286E+08    0.155052E+01
    0.580000E+08    0.154274E+01
    0.581285E+08    0.154062E+01
    0.590000E+08    0.152632E+01
    0.590699E+08    0.152518E+01
    0.600000E+08    0.151000E+01
    0.603172E+08    0.150483E+01
    0.610000E+08    0.149373E+01
    0.620000E+08    0.147752E+01
    0.630000E+08    0.146146E+01
    0.634321E+08    0.145457E+01
    0.640000E+08    0.144558E+01
    0.650000E+08    0.142996E+01
    0.660000E+08    0.141467E+01
    0.670000E+08    0.139967E+01
    0.680000E+08    0.138482E+01
    0.681426E+08    0.138271E+01
    0.684924E+08    0.137752E+01
    0.690000E+08    0.136998E+01
    0.700000E+08    0.135503E+01
    0.710000E+08    0.133994E+01
    0.720000E+08    0.132482E+01
    0.730000E+08    0.130973E+01
    0.739278E+08    0.129584E+01
    0.740000E+08    0.129476E+01
    0.750000E+08    0.127997E+01
    0.760000E+08    0.126549E+01
    0.770000E+08    0.125135E+01
    0.780000E+08    0.123745E+01
    0.790000E+08    0.122369E+01
    0.800000E+08    0.121002E+01
    0.810000E+08    0.119657E+01
    0.820000E+08    0.118355E+01
    0.830000E+08    0.117094E+01
    0.840000E+08    0.115874E+01
    0.850000E+08    0.114695E+01
    0.860000E+08    0.113558E+01
    0.870000E+08    0.112454E+01
    0.880000E+08    0.111368E+01
    0.890000E+08    0.110288E+01
    0.900000E+08    0.109200E+01
    0.910000E+08    0.108103E+01
    0.920000E+08    0.107006E+01
    0.930000E+08    0.105918E+01
    0.940000E+08    0.104846E+01
    0.950000E+08    0.103796E+01
    0.960000E+08    0.102768E+01
    0.970000E+08    0.101756E+01
    0.980000E+08    0.100759E+01
    0.990000E+08    0.997735E+00
    0.100000E+09    0.987990E+00
    0.102000E+09    0.968227E+00
    0.104000E+09    0.948348E+00
    0.106000E+09    0.929136E+00
    0.108000E+09    0.911192E+00
    0.110000E+09    0.894970E+00
    0.112000E+09    0.880203E+00
    0.114000E+09    0.866260E+00
    0.116000E+09    0.852989E+00
    0.118000E+09    0.840265E+00
    0.120000E+09    0.827990E+00
    0.122000E+09    0.816133E+00
    0.124000E+09    0.804714E+00
    0.126000E+09    0.793729E+00
    0.128000E+09    0.783172E+00
    0.130000E+09    0.773040E+00
    0.132000E+09    0.762112E+00
    0.134000E+09    0.750039E+00
    0.136000E+09    0.737942E+00
    0.138000E+09    0.726703E+00
    0.140000E+09    0.717000E+00
    0.142000E+09    0.708704E+00
    0.144000E+09    0.701244E+00
    0.146000E+09    0.694527E+00
    0.148000E+09    0.688470E+00
    0.150000E+09    0.683000E+00
    0.000000E+00    0.000000E+00
