raus@birillo --> ./c5a
TABLE OF TRIANGULAR NUMBERS

 i     sum from 1 to i
---    ---------------
   1           1
   2           3
   3           6
   4          10
   5          15
   6          21
   7          28
   8          36
   9          45
  10          55
---    ---------------
   1           1
   2           3
   3           6
   4          10
   5          15
   6          21
   7          28
   8          36
   9          45
  10          55
---    ---------------
   1           1
   2           3
   3           6
   4          10
   5          15
   6          21
   7          28
   8          36
   9          45
  10          55
---    ---------------
raus@birillo -->